-6.138769977
-7.352882262
-5.838652334
-6.493454465
-8.185026637
-7.025481196
-6.507096176
-8.86711219
-6.056919711
-6.411604199
-7.434732528
-6.575304731
-6.68443842
-6.984556063
-6.507096176
-10.91336885
-8.048609526
-7.912192415
-9.549197743
-6.711721842
-10.66781805
-11.13163623
-7.939475837
-7.625716483
-5.865935756
-6.82085553
-7.96675926
-9.194513255
-7.32559884
-6.752646975
-8.130459792
-7.189181729
-7.148256596
-7.052764618
-7.011839485
-7.271031995
-6.466171043
-7.257390284
-7.571149639
-6.807213819
-6.670796709
-7.639358194
-7.557507928
-7.339240551
-6.670796709
-7.080048041
-8.034967815
-6.548021309
-7.025481196
-7.530224506
-9.0035293
-8.266876903
-8.457860858
-9.139946411
-8.22595177
-8.730695079
-7.775775305
-7.025481196
-6.670796709
-6.548021309
-7.093689752
-6.889064086
-7.230106862
-7.393807395
-10.50411752
-6.657154998
-6.125128266
-7.612074772
-9.958449074
-8.062251237
-6.015994578
-7.475657661
-6.889064086
-6.507096176
-7.516582795
-6.711721842
-7.107331463
-6.848138953
-6.998197774
-6.970914352
-6.82085553
-6.261545377
-6.711721842
-6.670796709
-5.961427734
-8.007684393
-8.921679034
-7.366523973
-8.853470479
-6.507096176
-8.689769946
-7.120973174
-6.616229865
-7.775775305
-7.366523973
-6.957272641
-9.0035293
-9.0035293
-9.0035293
-7.775775305
-8.321443747
-9.1263047
-4.924657693
-5.634026668
-9.549197743
-8.075892948
-6.316112221
-7.748491883
-7.448374239
-5.961427734
-7.489299372
-6.929989219
-6.152411688
-6.029636289
-6.056919711
-6.466171043
-6.548021309
-5.865935756
-6.411604199
-8.266876903
-10.39498383
-8.280518614
-7.530224506
-8.321443747
-7.502941084
-7.912192415
-7.912192415
-8.648844813
-9.631048009
-9.044454433
-6.275187088
-7.148256596
-9.371855499
-7.393807395
-7.762133594
-8.157743214
-7.257390284
-7.72120846
-7.257390284
-7.271031995
-6.929989219
-7.311957129
-6.616229865
-9.303646944
-6.575304731
-8.130459792
-8.253235192
-8.430577436
-9.085379567
-7.284673707
-9.194513255
-9.671973142
-9.167229833
-10.14943303
-7.366523973
-9.112662989
-6.015994578
-7.571149639
-5.634026668
-7.693925038
-7.148256596
-6.68443842
-9.494630898
