-8.280518614
-11.45903729
-9.276363521
-4.569973205
-7.939475837
-7.693925038
-10.50411752
-6.657154998
-6.602588153
-10.25856672
-8.389652302
-9.849315386
-7.393807395
-7.939475837
-8.757978501
-10.09486619
-10.55868436
-7.448374239
-7.871267282
-4.460839517
-5.538534691
-8.335085458
-10.09486619
-4.856449138
-8.376010591
-8.989887589
-10.20399987
-8.935320745
-5.388475869
-6.357037354
-9.958449074
-8.444219147
-8.594277968
-9.0035293
-4.24257214
-6.288828799
-8.075892948
-5.129283359
-6.507096176
-3.369502632
-3.874245941
-7.803058727
