-8.280518614
-11.45903729
-9.276363521
-7.939475837
-10.50411752
-6.657154998
-6.602588153
-10.25856672
-8.389652302
-9.849315386
-7.393807395
-7.939475837
-8.757978501
-10.09486619
-10.55868436
-7.107331463
-7.448374239
-7.871267282
-3.915171074
-5.538534691
-7.803058727
-5.947786023
-8.185026637
-6.288828799
-10.09486619
-4.856449138
-8.376010591
-8.989887589
-10.20399987
-8.935320745
-5.388475869
-6.357037354
-9.958449074
-8.444219147
-8.594277968
-9.0035293
-4.569973205
-6.629871576
-7.693925038
-5.825010623
-3.669620275
-4.010663052
-4.460839517
-8.335085458
-5.224775336
-3.369502632
-4.24257214
-4.106155029
-6.507096176
-8.075892948
-4.597256628
-4.515406361
-5.129283359
-6.288828799
-3.874245941
