-3.437711187
-3.86060423
-3.683261986
-3.355860921
-5.306625603
-4.938299404
-5.40211758
-5.26570047
-4.11979674
-4.924657693
-5.306625603
-6.493454465
-6.329753932
-5.865935756
-5.634026668
-6.261545377
-6.548021309
-5.511251269
-6.670796709
-6.384320777
-6.479812754
-6.138769977
-5.797727201
-6.68443842
-6.138769977
-5.865935756
-7.475657661
-7.994042682
-7.803058727
-6.82085553
-8.130459792
-6.970914352
-7.953117549
-6.82085553
-7.175540018
-7.148256596
-7.284673707
-7.639358194
-7.625716483
-7.380165684
-6.94363093
-7.96675926
-7.557507928
-7.912192415
-6.82085553
-7.243748573
-9.317288655
-8.185026637
-8.86711219
-9.099021278
-9.344572077
-9.139946411
-8.526069413
-8.512427702
-9.358213788
-9.38549721
-8.648844813
-9.1263047
-8.185026637
-8.185026637
-9.26272181
-8.839828767
-9.508272609
-8.594277968
-8.185026637
-9.90388223
-10.68145976
-9.549197743
-9.631048009
-10.14943303
-10.40862554
-10.83151858
-10.64053463
-9.685614853
-9.549197743
-11.19984478
-11.13163623
