-4.938299404
-5.292983892
-6.711721842
-5.647668379
-6.397962488
-6.056919711
-6.711721842
-7.46201595
-7.148256596
-6.82085553
-6.82085553
-7.72120846
-6.82085553
-7.366523973
-7.120973174
-7.06640633
-8.157743214
-7.243748573
-7.011839485
-7.366523973
-6.889064086
-8.86711219
-9.058096144
-8.307802036
-8.648844813
-8.676128235
-8.498785991
-9.194513255
-8.594277968
-9.0035293
-9.139946411
-10.57232607
-10.80423516
-10.91336885
-7.393807395
-3.274010655
-5.702235223
-3.21944381
-4.460839517
-8.86711219
-5.14292507
-7.912192415
-7.58479135
-6.82085553
-7.666641616
-8.457860858
-8.185026637
-7.516582795
-5.934144312
-8.253235192
-7.366523973
-7.625716483
-5.429401002
-8.48514428
-4.992866248
-7.775775305
-7.080048041
-5.865935756
-7.120973174
-4.610898339
-4.774598871
-6.82085553
-4.801882293
-5.061074804
-5.865935756
-5.443042713
-10.91336885
-6.384320777
-3.574128298
-5.197491914
-6.82085553
-5.593101535
-7.257390284
-7.693925038
-9.1263047
-8.307802036
-8.280518614
-8.034967815
-8.185026637
-5.634026668
